
sin(45)=0.707107
cos(45)=0.707107
tan(45)=1
sec(45)=1.41421
cosec(45)=1.41421
cotan(45)=1
